1.0dB.trf                                                                                                                                                                                                                                                                                                   
    6
                                                                                                                                                                                                                                                                                                            
CPX                                             
CPX                                             
ASC
   18
   90
       0.000000
       0.000000
      30.000000
      90.000000
       3.000000
      20.000000
      12.000000
      20.000000
      90.000000
      10.000000
Y
       0.000000
       0.000000
    0
                              
                              
Y
